216
57
19
62
74
73
82
39
229
52
61
93
13
87
28
94
40
70
78
109
115
105
218
50
97
69
228
60
116
45
165
94
38
92
61
164
156
67
202
30
220
61
32
72
136
73
209
62
126
41
39
158
154
68
235
80
91
93
211
26
218
86
96
90
192
28
203
22
18
194
208
36
128
43
163
68
207
94
76
133
72
138
177
95
266
28
229
63
61
68
69
110
94
41
83
71
125
67
161
133
41
72
63
93
95
64
36
59
154
112
121
135
53
51
223
53
19
56
106
106
86
107
222
44
249
79
159
92
56
42
220
42
17
90
37
177
203
60
19
88
210
63
213
39
51
165
241
55
20
56
19
55
43
71
227
64
206
24
107
37
145
129
242
27
222
84
120
129
103
119
88
112
241
23
103
48
75
71
232
24
63
94
45
52
130
68
244
58
89
133
35
48
117
70
186
125
29
137
100
78
181
71
47
131
67
92
124
72
173
130
94
68
101
64
154
116
109
45
221
24
167
95
178
125
150
49
106
79
209
46
149
110
79
91
224
55
37
50
120
107
204
97
217
38
197
40
166
58
182
128
167
57
74
39
17
191
131
71
133
106
138
59
170
130
75
139
24
142
70
41
29
94
47
123
200
63
19
176
26
140
141
115
195
117
60
41
173
93
97
131
41
95
70
120
45
51
129
63
188
28
85
92
130
103
182
63
167
55
68
139
104
108
240
49
100
65
129
42
55
43
31
137
203
107
135
67
167
132
130
133
193
35
71
117
145
58
141
101
83
131
120
104
65
69
150
49
184
74
206
94
215
83
36
85
252
25
222
67
261
29
202
93
105
119
198
111
40
179
56
166
60
120
48
55
47
55
264
30
209
30
43
93
99
89
231
57
203
89
12
80
81
133
176
92
104
134
120
108
157
60
136
133
128
105
94
110
225
45
104
118
158
70
63
77
43
52
166
84
80
115
174
130
77
67
22
178
37
69
66
146
215
39
227
83
216
42
14
194
112
134
81
107
93
69
36
156
123
67
249
79
90
42
174
89
72
66
61
66
214
37
218
54
214
64
21
55
54
50
169
104
192
121
118
90
64
158
15
189
129
87
67
146
111
112
202
30
19
174
48
172
98
129
36
56
263
27
162
54
135
67
164
97
249
59
138
74
66
156
140
45
86
72
70
122
225
62
10
83
133
135
226
57
207
36
67
94
217
42
211
38
146
88
154
72
146
44
204
60
166
105
181
126
104
91
109
130
210
29
26
85
39
139
94
93
43
50
141
43
44
156
203
40
156
102
192
25
265
26
28
92
255
70
248
62
177
92
203
91
112
132
74
113
11
65
217
27
55
96
132
88
240
49
15
60
24
141
73
122
145
88
100
47
195
122
203
102
10
76
38
130
33
90
244
52
58
121
13
74
99
116
30
53
128
73
235
21
114
133
111
38
149
63
20
185
108
47
97
119
91
130
78
117
197
40
78
117
197
70
96
41
233
62
132
67
23
176
126
73
62
65
192
60
230
26
243
53
183
115
156
106
216
49
104
107
193
81
85
71
236
25
235
50
33
50
64
60
242
25
132
40
116
91
202
60
65
73
8
71
223
53
91
133
118
67
233
58
33
59
209
62
35
73
90
112
127
74
52
121
237
81
165
129
15
170
97
76
93
129
164
96
99
89
69
138
185
63
99
118
194
77
57
66
202
114
166
65
14
59
26
82
140
69
261
27
120
67
141
55
129
107
196
60
165
128
99
47
87
90
207
107
276
28
144
87
196
78
62
113
220
40
133
43
226
67
55
94
71
43
66
160
34
179
89
40
92
109
75
113
119
44
153
61
66
157
34
132
101
119
180
88
192
24
41
177
30
175
47
152
99
37
106
45
134
61
98
47
50
169
150
72
225
56
31
91
215
38
10
81
49
51
138
44
107
131
21
183
78
69
289
35
77
38
194
77
174
85
233
63
43
156
141
88
207
29
72
62
164
107
98
105
32
47
59
47
165
64
175
128
93
93
52
127
238
83
104
77
226
46
175
65
35
60
35
85
197
114
129
104
159
53
227
82
39
133
56
44
137
72
155
60
202
114
232
21
166
92
226
67
71
39
95
65
105
79
214
50
42
96
204
37
210
65
53
41
160
96
141
132
107
133
190
125
155
132
90
130
107
78
217
24
16
88
20
180
192
124
137
72
262
27
81
65
92
91
215
67
227
21
104
43
214
39
147
44
221
86
107
91
164
98
102
91
223
53
15
189
41
159
158
104
204
101
205
96
260
25
157
71
166
121
58
121
18
60
131
60
91
91
139
66
207
19
205
108
192
58
203
63
129
46
134
72
202
23
211
85
136
75
61
115
128
107
15
82
218
24
62
43
13
85
160
103
21
83
159
66
34
83
40
54
66
40
196
84
28
52
63
71
119
45
112
39
31
61
164
94
150
129
146
69
240
27
82
111
152
104
39
96
244
21
211
65
187
71
213
48
147
65
185
80
229
59
32
177
16
188
77
53
199
40
28
95
145
54
172
95
81
38
279
34
155
130
112
130
98
79
136
91
147
74
88
132
173
127
169
92
12
65
165
104
139
66
148
55
53
42
112
130
88
108
210
83
65
121
103
77
65
163
111
108
211
35
212
40
67
155
190
62
195
82
121
68
203
86
195
24
202
108
133
103
171
60
96
134
112
114
93
70
177
80
124
42
75
134
22
157
22
143
46
84
216
87
62
47
143
88
203
113
203
37
165
50
203
44
70
77
148
71
76
119
64
91
138
89
204
90
223
54
29
54
22
141
232
82
152
103
133
68
229
19
174
57
166
131
61
67
85
131
130
106
224
58
49
123
105
90
219
27
217
64
54
119
241
50
42
47
128
89
180
60
183
116
66
161
248
56
64
164
126
69
64
43
45
73
82
53
226
57
76
64
115
89
62
160
155
49
107
112
36
74
181
76
40
91
107
38
133
129
16
172
81
91
252
28
227
21
176
89
128
132
85
72
206
87
250
25
157
69
191
26
137
89
154
96
81
112
197
61
210
48
20
177
146
74
13
84
131
69
35
85
166
99
56
45
83
36
161
105
233
57
147
58
36
159
125
106
246
28
57
115
92
109
231
27
152
63
63
44
14
68
141
75
187
30
184
57
210
48
215
84
169
54
80
110
91
63
31
60
162
61
28
90
177
99
236
47
51
127
63
63
246
22
38
74
132
45
64
121
144
61
97
40
42
51
230
62
123
73
204
70
71
42
214
41
221
63
146
131
63
117
222
20
173
120
97
129
118
129
170
65
58
64
14
67
65
151
198
80
19
174
70
77
17
89
266
28
126
106
24
91
33
58
76
111
169
54
199
60
87
117
149
103
109
114
185
81
100
120
143
60
74
90
61
45
115
88
129
48
18
173
123
134
32
72
111
133
234
48
124
75
118
114
48
50
205
107
100
66
81
38
257
24
171
97
54
117
70
62
134
47
140
132
209
29
137
104
234
48
211
26
92
42
90
109
63
151
145
115
186
121
118
106
161
55
104
89
211
29
137
61
123
74
142
60
122
88
230
83
166
62
130
129
215
87
207
20
33
176
225
24
72
136
24
54
32
134
32
58
124
106
28
154
126
40
88
117
109
63
94
133
150
111
212
17
203
94
111
113
229
55
190
119
156
67
128
110
150
104
168
86
173
63
36
132
255
25
30
175
212
27
120
88
10
74
123
90
165
69
208
21
230
60
205
37
184
122
141
73
133
87
57
166
42
160
189
30
9
65
120
91
208
62
78
107
242
24
47
75
42
168
48
158
53
42
136
130
226
64
218
27
54
95
23
177
35
158
203
95
233
47
81
110
257
29
76
134
62
164
155
103
17
165
62
117
24
156
106
79
207
35
87
65
160
98
62
93
98
67
282
31
140
103
69
61
205
63
46
45
34
135
130
72
140
43
196
61
142
54
17
59
174
101
117
112
26
89
37
131
153
50
201
25
128
72
49
131
114
114
58
64
50
121
33
49
52
120
161
98
65
121
67
39
128
131
98
77
159
90
115
131
208
31
153
60
94
129
143
91
63
44
154
92
55
69
20
173
123
107
57
70
48
154
219
24
66
63
120
61
78
49
112
130
210
30
56
122
148
61
198
20
112
106
82
113
203
107
100
63
87
94
8
76
131
108
202
20
229
52
222
87
93
133
156
129
201
26
148
130
39
46
151
130
230
26
90
132
14
185
111
43
213
37
152
64
44
46
178
62
219
64
253
25
31
178
47
173
163
70
34
48
63
112
131
71
188
31
86
69
225
27
149
93
149
46
74
94
146
99
193
22
205
86
52
155
149
69
124
63
127
71
249
73
84
48
53
47
31
93
28
91
173
96
130
43
113
106
50
95
128
43
114
46
150
134
203
113
156
96
122
104
176
60
227
25
117
129
42
55
160
99
154
114
214
19
30
176
81
49
230
83
146
114
78
107
123
90
26
141
196
70
204
27
217
18
159
67
278
34
246
80
139
133
155
95
165
102
7
72
100
120
163
51
100
132
209
37
50
45
130
48
116
62
119
131
200
88
74
108
211
36
