367
260
349
227
384
263
313
201
353
422
213
335
360
236
217
315
416
286
249
298
322
317
198
272
316
264
369
392
236
330
401
360
298
414
236
324
426
338
411
329
329
426
329
412
373
351
371
248
272
240
309
367
356
221
351
333
318
366
188
309
397
315
294
389
392
363
425
289
278
254
249
301
266
294
302
255
295
375
287
353
291
292
353
321
289
386
331
306
389
288
205
329
393
342
346
222
267
331
353
235
204
321
339
226
360
247
425
319
282
237
237
348
210
290
357
344
309
320
280
259
342
353
200
261
310
224
434
344
367
361
343
367
394
307
342
275
322
325
355
382
262
377
358
409
276
396
338
233
286
397
314
305
381
333
219
350
286
294
275
342
266
342
308
218
403
313
291
329
341
204
332
281
356
388
321
258
277
270
273
388
352
258
269
278
264
228
360
277
254
234
369
228
190
280
256
223
216
354
402
263
310
367
275
337
252
383
199
280
345
345
424
297
236
287
302
258
393
315
192
287
258
230
273
285
336
247
328
257
314
245
383
264
432
295
202
344
368
280
276
354
356
299
396
373
430
355
242
295
202
273
327
254
332
208
385
295
328
281
226
256
320
235
399
310
224
313
381
312
370
316
327
346
274
287
298
222
252
253
360
266
197
316
257
243
398
345
358
422
271
201
272
375
313
209
220
342
308
428
331
339
237
297
199
315
195
288
355
205
381
271
326
235
341
240
262
403
270
344
241
266
346
248
354
301
339
353
209
270
384
271
389
351
348
272
229
323
307
305
186
296
301
335
324
358
293
420
283
342
271
395
399
350
221
299
339
349
199
272
326
224
315
234
287
262
354
257
231
343
191
311
342
423
371
355
367
277
381
368
261
359
362
333
238
364
436
340
281
254
283
258
232
322
314
265
270
323
321
338
191
325
401
372
304
214
431
345
216
313
309
301
304
358
272
388
279
380
378
297
372
350
414
353
399
345
229
269
332
317
225
363
275
301
406
281
306
205
339
266
245
329
292
399
433
312
333
201
328
330
373
341
299
336
374
364
404
329
239
366
241
258
260
212
319
192
192
291
321
322
253
267
268
281
282
343
337
423
393
292
236
339
397
345
300
400
359
242
225
358
239
305
309
224
316
294
280
296
202
264
282
398
310
388
383
343
275
298
311
273
284
417
361
228
303
274
334
426
319
421
333
197
274
280
342
261
201
349
345
344
288
268
392
349
250
254
206
280
359
367
419
348
213
314
323
219
250
292
378
315
346
318
296
347
243
277
227
322
304
392
311
397
265
408
328
341
217
349
265
410
322
242
366
410
195
315
259
390
430
324
389
281
351
336
283
197
261
288
220
264
236
328
274
324
260
401
385
361
377
330
306
258
431
315
304
317
377
338
330
414
369
268
308
298
210
284
369
237
274
256
285
358
272
284
355
213
336
317
373
300
331
380
384
335
409
321
318
205
426
321
380
357
392
309
334
232
340
373
319
408
325
296
222
352
420
347
283
427
321
216
211
355
361
295
227
286
323
388
204
336
327
370
376
369
320
295
332
359
314
358
400
355
262
209
244
295
323
432
222
259
273
289
425
354
391
337
290
391
293
258
301
394
327
324
212
290
332
251
408
314
229
364
336
362
318
322
335
208
283
420
440
321
306
398
234
300
293
372
390
355
270
410
188
314
304
359
420
298
217
310
363
264
283
421
295
359
316
433
331
240
272
386
325
341
292
429
332
258
308
221
260
416
312
210
292
352
288
370
305
282
228
271
372
326
381
354
256
269
427
324
300
357
408
286
289
234
342
344
248
261
301
395
216
339
341
381
340
276
367
413
382
301
336
196
196
268
351
207
434
347
320
356
410
311
396
268
229
292
268
206
252
315
265
214
371
261
350
263
332
213
230
357
350
425
283
344
428
283
301
346
316
255
263
240
393
261
299
227
338
362
329
304
276
347
298
346
429
331
213
255
365
398
301
368
264
350
284
398
290
376
225
341
253
389
318
255
320
417
411
281
282
361
259
229
343
341
340
254
423
366
402
337
390
297
389
330
317
258
295
334
283
260
357
258
288
297
404
364
358
350
263
399
315
271
276
322
377
307
404
337
306
352
295
429
335
266
380
354
350
243
386
262
288
245
351
336
242
282
224
256
341
305
280
390
405
326
256
282
218
345
292
337
241
300
429
315
205
327
293
381
279
420
396
284
432
296
215
363
305
393
293
285
332
277
244
342
410
285
362
246
238
307
392
276
413
315
408
269
306
370
314
403
339
229
190
284
299
370
239
352
293
296
198
313
364
381
386
296
293
258
419
288
278
398
330
237
399
293
291
354
221
266
256
216
342
337
256
373
337
261
274
292
206
357
375
314
384
296
292
212
302
326
311
396
304
244
403
355
322
271
254
376
405
264
392
314
245
324
319
433
334
359
339
267
349
222
372
346
407
312
315
291
362
250
330
411
400
305
326
300
240
370
200
283
205
339
419
327
305
398
214
295
335
350
309
372
348
414
298
217
287
427
359
386
320
201
405
263
385
294
263
336
237
261
326
224
279
302
219
265
405
291
318
307
210
294
409
319
276
417
272
368
322
231
323
319
318
319
328
327
276
359
302
408
287
196
268
330
388
321
293
286
225
347
239
342
354
328
396
306
311
297
199
290
272
395
424
285
314
390
313
362
379
337
273
398
248
308
332
213
369
334
347
233
329
267
306
387
348
304
341
198
343
419
189
310
233
322
392
367
349
369
245
309
232
298
297
208
188
286
258
271
370
316
360
422
355
249
191
331
420
294
294
211
411
326
234
311
212
355
262
391
347
329
325
344
326
409
320
267
410
338
280
424
355
365
290
298
322
219
339
226
292
382
331
246
304
235
352
365
323
333
298
361
327
216
227
252
193
274
221
253
427
329
321
345
412
349
262
285
352
360
196
346
360
344
417
271
421
326
218
268
334
193
227
347
245
285
293
348
265
268
188
310
254
359
303
399
383
261
325
295
306
290
224
266
403
353
328
253
268
329
230
325
289
293
320
214
292
202
296
256
296
364
311
353
418
360
346
267
330
370
370
239
273
203
409
362
370
262
324
277
351
257
265
294
407
304
361
322
338
370
261
233
320
204
394
258
407
296
207
267
308
430
397
269
315
193
303
367
219
329
298
253
287
254
436
297
366
320
414
317
301
254
345
360
364
409
195
294
295
219
223
309
356
408
261
339
319
241
308
364
235
284
313
292
353
278
380
287
257
262
325
337
309
424
309
227
264
238
302
277
362
262
337
334
311
289
253
280
231
266
231
316
277
273
306
234
284
268
407
272
318
420
372
308
239
355
204
272
318
366
309
227
370
343
228
288
348
425
331
199
316
193
395
269
186
313
415
366
256
221
387
337
416
300
347
215
257
268
275
346
208
273
288
306
281
376
421
344
237
315
297
213
334
237
341
239
305
368
294
229
400
348
269
380
402
353
344
222
298
359
390
350
292
243
415
267
313
384
288
276
319
326
326
319
347
202
358
408
237
266
322
276
340
417
342
350
327
288
311
434
397
321
387
334
414
355
319
360
297
293
236
293
251
303
321
203
202
260
241
270
316
202
276
201
303
334
358
269
387
367
275
304
304
320
358
332
306
252
286
337
348
350
205
350
229
259
215
354
241
270
275
276
276
291
326
331
202
262
350
276
363
240
320
265
384
280
400
313
245
298
350
271
238
311
292
325
404
260
418
293
346
427
289
377
437
307
408
352
257
276
385
261
278
330
244
335
409
338
229
309
316
253
226
290
352
388
313
380
192
323
390
297
357
226
408
293
283
298
382
327
394
309
221
345
417
353
335
351
422
338
304
201
290
339
328
343
312
382
235
326
253
372
230
351
264
266
403
366
225
278
371
234
292
321
267
207
406
345
217
294
430
286
344
209
239
331
312
262
261
265
329
202
392
312
339
195
355
418
406
312
260
286
236
301
346
265
381
369
293
268
285
203
335
193
379
356
228
342
304
197
408
285
323
385
277
412
331
429
216
349
296
350
303
259
417
366
335
425
204
297
317
296
267
380
283
367
337
224
295
231
267
200
201
313
304
414
197
276
358
348
350
416
398
303
244
327
319
330
272
202
293
325
209
305
230
269
339
225
362
351
340
195
287
303
205
351
259
302
317
258
296
265
316
408
295
329
420
297
434
308
309
210
426
359
326
409
254
274
303
266
262
371
244
257
403
273
294
305
394
343
297
331
340
363
316
344
416
348
244
312
277
291
269
295
290
371
261
351
425
320
310
396
309
297
356
360
430
336
271
418
278
291
307
426
293
354
252
379
431
316
356
346
269
234
241
326
273
238
354
203
298
378
258
215
318
351
215
341
308
204
410
293
247
311
359
407
363
399
262
410
413
287
315
196
399
271
431
300
385
287
355
337
309
406
285
420
284
373
430
353
282
268
354
360
364
293
291
386
401
333
348
242
388
314
340
270
258
226
260
235
296
304
415
328
360
337
304
265
436
347
395
290
365
258
368
266
203
292
432
318
364
398
310
330
358
267
257
305
209
295
286
285
281
375
239
262
310
238
414
360
