296
498
506
513
430
525
372
573
385
304
366
325
452
514
233
492
276
422
372
249
389
541
496
489
480
515
284
570
460
474
545
547
376
574
250
545
302
571
300
419
377
596
460
466
281
559
506
579
276
425
492
464
366
522
337
485
464
559
573
491
342
518
533
471
379
540
362
574
394
338
206
559
192
532
419
451
393
307
501
535
263
584
488
587
307
454
310
539
368
383
401
378
384
340
420
498
477
498
362
409
366
335
399
353
397
346
270
433
402
400
373
262
270
554
374
529
453
413
373
271
314
443
414
221
456
592
456
498
435
496
452
421
396
325
261
424
430
405
317
408
324
195
340
217
335
545
200
539
359
598
409
497
509
467
416
214
304
455
268
408
614
512
405
383
347
406
383
322
535
495
400
181
374
526
254
560
312
458
334
421
299
419
347
494
349
519
557
530
449
399
356
445
482
485
498
517
618
505
393
252
587
498
439
521
387
403
509
443
442
408
456
497
353
463
453
426
446
389
396
320
504
538
513
461
326
509
457
589
349
206
496
487
340
213
298
433
278
530
331
394
445
514
420
217
205
560
261
424
446
497
483
549
280
504
366
363
265
528
306
504
406
195
350
377
360
394
515
575
198
542
444
466
491
492
323
373
278
402
472
557
505
578
342
603
466
420
305
436
298
429
533
505
251
579
414
228
295
428
525
568
316
377
373
277
383
298
414
572
369
397
279
409
385
593
394
590
337
458
452
475
382
446
296
499
390
573
265
411
403
500
292
588
423
535
372
484
363
398
437
428
351
455
310
407
372
477
433
590
306
503
592
509
548
546
356
598
505
475
228
508
249
425
539
472
492
572
419
393
298
535
498
422
357
444
488
456
385
535
245
425
336
373
306
383
299
420
279
554
356
510
495
423
268
499
353
434
487
550
384
206
535
559
397
340
241
513
342
405
234
487
366
417
499
426
345
574
218
429
493
491
457
498
496
420
288
515
375
419
386
573
422
438
266
554
437
589
417
415
337
434
463
407
279
586
353
236
394
300
433
466
310
540
288
417
221
463
429
527
275
556
327
423
531
562
514
530
239
509
440
590
292
423
430
589
617
503
327
510
369
339
365
197
359
407
306
527
255
547
358
466
384
195
447
395
419
381
230
432
396
410
318
446
412
197
208
505
361
511
233
502
451
588
321
508
296
430
365
341
390
543
202
557
471
555
259
580
432
498
470
498
369
228
331
454
364
336
312
377
263
552
377
228
381
592
223
513
378
367
257
522
367
575
286
559
472
499
288
515
388
503
364
196
243
513
408
467
322
543
246
540
482
483
377
596
383
331
473
466
337
458
441
565
369
397
321
416
366
191
371
184
401
539
385
343
217
550
225
448
599
508
273
584
319
410
407
572
216
549
360
477
521
568
392
294
568
515
358
573
421
215
346
517
354
379
376
417
387
365
411
230
445
442
376
483
528
473
346
441
412
500
321
415
558
502
510
464
344
502
496
582
451
399
385
503
506
476
278
477
458
407
359
392
396
414
537
507
460
559
229
551
415
205
364
420
459
559
234
487
245
444
318
518
445
465
408
573
495
545
245
483
231
508
282
586
600
491
308
592
263
550
602
493
338
517
247
485
270
406
374
446
361
420
268
474
427
588
338
457
417
410
387
375
556
531
376
418
300
390
261
551
392
404
367
509
457
563
382
367
490
583
298
563
328
206
397
345
384
504
340
458
446
541
479
589
490
548
438
567
370
293
282
492
406
442
301
390
430
585
291
422
357
575
394
413
282
546
472
420
370
478
409
222
537
507
287
400
223
447
227
472
266
479
373
546
277
528
462
509
373
424
351
518
284
506
319
446
280
504
195
524
205
472
304
530
220
497
246
580
343
589
374
528
396
459
358
419
565
514
437
566
383
474
506
446
476
434
377
593
345
596
351
573
506
580
299
420
246
540
492
577
311
505
474
433
370
397
324
541
434
590
234
531
388
448
535
560
320
542
549
480
516
461
351
476
359
380
311
565
318
461
358
597
374
465
467
588
382
183
460
432
269
405
335
499
198
549
333
234
399
236
490
585
268
499
306
572
218
490
385
355
300
537
571
502
315
468
383
330
372
240
506
538
495
438
402
393
316
406
544
547
411
535
385
351
338
512
371
282
485
513
241
578
220
571
375
595
600
507
318
462
420
457
597
508
604
500
623
507
465
504
364
596
287
561
393
392
248
498
319
518
226
459
217
427
326
474
271
436
305
566
340
220
277
585
445
544
401
363
332
453
401
536
509
470
417
423
285
587
472
497
561
521
236
562
470
558
277
401
274
527
366
325
239
536
454
414
441
416
335
470
430
409
440
498
385
505
315
595
499
453
391
352
363
510
342
195
383
482
318
212
372
286
428
435
440
589
350
207
422
572
340
209
267
505
387
370
249
463
432
590
322
193
330
517
429
408
460
589
503
571
445
440
410
467
497
423
402
378
205
502
309
503
519
527
432
568
354
405
559
529
592
508
196
513
413
487
345
196
326
599
323
544
326
451
414
574
364
345
535
504
324
518
295
536
371
465
444
551
353
227
403
588
436
547
192
526
375
475
304
384
446
539
261
526
415
587
415
498
466
420
474
500
468
450
426
456
233
448
449
395
372
340
512
461
245
540
354
488
441
518
434
523
255
469
472
477
481
498
245
463
370
299
344
431
396
331
324
543
450
429
476
554
312
566
247
440
444
590
502
539
288
399
396
589
484
553
323
449
405
499
297
395
319
567
262
581
266
524
364
509
489
453
458
509
382
316
396
345
344
573
476
434
366
362
503
481
239
536
373
469
369
311
359
235
233
527
398
341
357
197
409
533
344
430
346
597
259
550
393
482
212
452
201
504
353
571
251
429
386
224
241
515
389
265
339
472
425
413
378
226
555
537
353
434
194
520
495
553
319
519
278
557
451
507
307
384
328
453
366
334
327
517
281
546
278
561
281
470
335
204
322
567
484
415
241
513
489
548
417
442
319
506
393
393
250
433
226
458
244
515
416
587
487
585
347
441
274
444
492
572
194
524
403
501
478
413
392
459
470
465
322
598
607
510
370
296
281
433
396
318
371
507
382
225
425
489
370
306
194
528
351
211
298
538
289
442
399
588
363
572
538
555
370
508
501
530
534
559
471
410
346
386
543
529
622
507
384
326
329
579
257
420
348
196
402
574
365
508
375
277
434
478
506
511
384
437
297
564
612
513
418
452
310
407
436
569
343
572
332
545
362
478
227
463
522
569
218
495
329
568
251
579
279
555
206
452
344
500
356
574
365
341
395
336
246
581
400
588
587
508
235
432
442
520
372
416
385
292
366
411
397
539
324
474
406
196
394
306
507
536
326
598
455
590
351
211
374
245
434
570
448
399
494
448
351
443
370
399
425
490
476
410
393
285
423
536
333
570
387
279
472
590
489
562
433
384
427
527
506
574
396
318
451
532
273
460
255
421
348
403
323
599
290
421
217
571
350
206
374
431
203
466
428
467
371
241
382
445
381
417
353
236
372
446
337
571
231
577
526
467
372
288
453
465
386
409
395
247
435
431
535
472
372
229
592
506
287
585
217
549
378
245
352
546
234
507
357
408
475
478
436
564
482
497
380
205
505
435
434
589
220
461
298
463
264
553
407
410
587
507
382
463
370
380
617
505
418
415
401
235
477
554
455
511
399
503
358
465
377
182
427
536
395
189
614
501
307
439
508
470
277
562
301
500
497
542
353
230
389
541
354
235
566
494
304
571
387
378
367
414
571
514
377
536
598
498
253
545
360
197
200
552
378
436
408
442
409
381
492
448
388
453
409
498
315
572
492
463
266
584
328
195
498
489
396
482
236
578
399
372
243
423
580
509
312
565
453
474
209
500
256
520
341
386
335
454
239
510
502
579
276
508
217
549
413
428
421
203
327
510
596
498
247
463
240
534
300
500
409
413
348
571
443
509
309
504
384
340
334
373
418
454
343
204
394
311
440
519
364
430
486
548
292
587
374
180
296
447
424
382
386
195
261
416
229
463
303
502
339
570
346
195
446
441
501
481
299
563
348
462
268
504
367
327
288
559
274
528
389
183
423
529
325
598
371
294
415
420
505
499
286
559
301
416
300
416
466
499
334
413
317
386
409
412
299
421
369
312
392
291
365
219
331
201
352
404
345
402
492
491
299
451
293
402
282
541
321
575
379
209
582
491
253
462
243
559
328
194
495
457
412
409
210
440
415
440
449
425
329
571
452
563
247
424
327
231
345
496
278
584
192
530
259
522
298
498
416
491
262
584
358
486
307
504
423
210
402
501
392
589
332
569
343
574
225
439
334
591
497
488
312
459
272
555
321
221
366
346
384
505
318
470
332
468
369
572
366
550
299
588
418
499
324
518
367
189
253
580
252
544
415
219
428
455
333
517
302
435
530
513
283
437
414
413
316
202
394
575
314
541
391
272
538
555
402
377
471
519
307
465
265
527
395
317
366
557
474
587
401
500
293
544
319
540
378
539
513
488
395
502
223
545
402
588
243
463
383
328
546
547
384
574
398
219
387
308
494
421
454
499
